Starting matrix:

  7.000   1.000   9.000   1.000   0.000   0.000 
  5.000   5.000   2.000   0.000   1.000   0.000 
  2.000   4.000   8.000   0.000   0.000   1.000 

Row 1 = Row 1 / 7:

  1.000   0.143   1.286   0.143   0.000   0.000 
  5.000   5.000   2.000   0.000   1.000   0.000 
  2.000   4.000   8.000   0.000   0.000   1.000 

Row 2 = Row 2 - Row 1 * 5:

  1.000   0.143   1.286   0.143   0.000   0.000 
  0.000   4.286  -4.429  -0.714   1.000   0.000 
  2.000   4.000   8.000   0.000   0.000   1.000 

Row 3 = Row 3 - Row 1 * 2:

  1.000   0.143   1.286   0.143   0.000   0.000 
  0.000   4.286  -4.429  -0.714   1.000   0.000 
  0.000   3.714   5.429  -0.286   0.000   1.000 

Row 2 = Row 2 / 4.28571428571429:

  1.000   0.143   1.286   0.143   0.000   0.000 
  0.000   1.000  -1.033  -0.167   0.233   0.000 
  0.000   3.714   5.429  -0.286   0.000   1.000 

Row 1 = Row 1 - Row 2 * 0.142857142857143:

  1.000   0.000   1.433   0.167  -0.033   0.000 
  0.000   1.000  -1.033  -0.167   0.233   0.000 
  0.000   3.714   5.429  -0.286   0.000   1.000 

Row 3 = Row 3 - Row 2 * 3.71428571428571:

  1.000   0.000   1.433   0.167  -0.033   0.000 
  0.000   1.000  -1.033  -0.167   0.233   0.000 
  0.000   0.000   9.267   0.333  -0.867   1.000 

Row 3 = Row 3 / 9.26666666666667:

  1.000   0.000   1.433   0.167  -0.033   0.000 
  0.000   1.000  -1.033  -0.167   0.233   0.000 
  0.000   0.000   1.000   0.036  -0.094   0.108 

Row 1 = Row 1 - Row 3 * 1.43333333333333:

  1.000   0.000   0.000   0.115   0.101  -0.155 
  0.000   1.000  -1.033  -0.167   0.233   0.000 
  0.000   0.000   1.000   0.036  -0.094   0.108 

Row 2 = Row 2 - Row 3 * -1.03333333333333:

  1.000   0.000   0.000   0.115   0.101  -0.155 
  0.000   1.000   0.000  -0.129   0.137   0.112 
  0.000   0.000   1.000   0.036  -0.094   0.108 

 ---------------------------------------------------

 Original Matrix              Inverted Matrix

  7.000   1.000   9.000        0.115   0.101  -0.155 
  5.000   5.000   2.000       -0.129   0.137   0.112 
  2.000   4.000   8.000        0.036  -0.094   0.108 

